3 0.36328125 0.38958333333333334 0.0671875 0.09583333333333334
3 0.75234375 0.6302083333333334 0.1609375 0.15625
4 0.546875 0.42916666666666664 0.125 0.10416666666666667
2 0.45625 0.29583333333333334 0.071875 0.21666666666666667
0 0.1921875 0.4395833333333333 0.1125 0.0625
2 0.5265625 0.6854166666666667 0.15625 0.17083333333333334
4 0.8359375 0.4739583333333333 0.05625 0.17291666666666666
4 0.5203125 0.528125 0.06875 0.16458333333333333
4 0.71640625 0.38125 0.1171875 0.12083333333333333
0 0.38046875 0.48541666666666666 0.1046875 0.0875
